       52
       64
       78
      105
      112
      124
      125
      136
      141
      161
      172
      176
      186
      199
      203
      214
      223
      240
      253
      268
      291
      292
      294
      298
      330
      340
      379
      423
      442
      460
      473
      479
      492
      566
      582
      616
      622
      646
      663
      684
      696
      705
      706
      710
      735
      745
      746
      760
      765
      766
      768
      769
      794
      812
      817
      825
      826
      857
      868
      869
      875
      900
      936
      942
      983
      991
