       19
       30
       44
       63
       67
       77
       89
      101
      115
      154
      163
      206
      210
      211
      225
      228
      229
      250
      258
      275
      281
      290
      387
      394
      398
      407
      418
      436
      458
      459
      465
      488
      490
      494
      536
      551
      577
      580
      602
      620
      637
      648
      662
      672
      678
      686
      687
      689
      708
      726
      737
      759
      764
      776
      787
      830
      850
      853
      856
      887
      894
      897
      903
      922
      927
      945
      963
      971
