       15
       18
       34
       36
       70
       87
       99
      128
      129
      139
      146
      165
      184
      185
      209
      235
      237
      238
      257
      271
      333
      335
      336
      346
      355
      376
      389
      413
      414
      417
      427
      428
      464
      468
      472
      513
      514
      520
      575
      598
      615
      631
      658
      659
      661
      667
      675
      695
      758
      792
      810
      816
      823
      883
      890
      893
      899
      924
      929
      941
      987
