20:06:59:343|        1|        0| 1|3|      Root node|        0|        0|        2|        0.00|    0|       21.06|        0.00|        0|        1
20:06:59:344|        2|        1| 1|3|      Some node|        0|        0|        3|        0.00|    1|       21.06|        0.00|        0|        2
20:06:59:344|        3|        2| 1|3|      Some node|        0|       99|        4|       -4.81|    2|       16.25|        0.00|        0|        3
20:06:59:344|        4|        3| 1|3|      Some node|        0|       35|        5|      -13.44|    3|        7.62|        0.00|        0|        4
20:06:59:344|        5|        4| 1|3|      Some node|        0|       29|        6|      -16.31|    4|        4.75|        0.00|        0|        5
20:06:59:344|        6|        5| 1|3|      Some node|        0|       18|        7|      -19.56|    5|        1.50|        0.00|        0|        6
20:06:59:344|        7|        6| 1|3|      Some node|        0|        9|        8|      -21.06|    6|        0.00|        0.00|        0|        7
20:06:59:344|        8|        7| 1|3|      Some node|        0|        0|        0|      -21.06|    7|        0.00|        1.50|       13|        8
20:06:59:344|        9|        6| 2|3|      Some node|        7|       11|       10|      -20.06|    6|        1.00|        1.00|        0|        9
20:06:59:344|       10|        9| 1|3|      Some node|        0|        0|        0|      -20.06|    7|        0.00|        0.00|        0|        9
20:06:59:344|       11|        6| 3|3|      Some node|        9|        0|       12|      -18.06|    6|        3.00|        1.50|        0|       11
20:06:59:344|       12|       11| 1|3|      Some node|        0|       15|       13|      -19.06|    7|        0.50|        0.00|        0|       12
20:06:59:344|       13|       12| 1|3|      Some node|        0|       14|        0|      -19.56|    8|        0.00|       10.00|       43|       13
20:06:59:344|       14|       12| 2|3|      Some node|       13|        0|        0|      -18.56|    8|        1.00|        0.00|        0|       14
20:06:59:344|       15|       11| 2|3|      Some node|       12|       16|        0|      -18.06|    7|        1.50|        0.00|       14|       15
20:06:59:344|       16|       11| 3|3|      Some node|       15|        0|       17|      -17.06|    7|        2.50|        2.50|        0|       11
20:06:59:344|       17|       16| 1|3|      Some node|        0|        0|        0|      -17.06|    8|        0.00|        0.00|        0|       16
20:06:59:344|       18|        5| 2|3|      Some node|        6|       23|       19|      -15.56|    5|        5.50|        5.00|        0|       18
20:06:59:344|       19|       18| 1|3|      Some node|        0|        0|       20|      -15.56|    6|        0.50|        0.00|        0|       18
20:06:59:344|       20|       19| 1|3|      Some node|        0|       21|        0|      -16.06|    7|        0.00|        1.00|       22|       20
20:06:59:344|       21|       19| 2|3|      Some node|       20|        0|       22|      -15.06|    7|        1.00|        1.00|        0|       18
20:06:59:344|       22|       21| 1|3|      Some node|        0|        0|        0|      -15.06|    8|        0.00|        0.00|        0|       18
20:06:59:344|       23|        5| 3|3|      Some node|       18|        0|       24|      -13.06|    5|        8.00|        7.00|        0|       23
20:06:59:344|       24|       23| 1|3|      Some node|        0|        0|       25|      -13.06|    6|        1.00|        0.00|        0|       23
20:06:59:344|       25|       24| 1|3|      Some node|        0|        0|       26|      -13.06|    7|        1.00|        0.00|        0|       23
20:06:59:344|       26|       25| 1|3|      Some node|        0|       27|        0|      -14.06|    8|        0.00|        0.00|        0|       26
20:06:59:344|       27|       25| 2|3|      Some node|       26|       28|        0|      -13.06|    8|        1.00|        0.00|        0|       27
20:06:59:344|       28|       25| 3|3|      Some node|       27|        0|        0|      -12.06|    8|        2.00|        0.00|        0|       23
20:06:59:344|       29|        4| 2|3|      Some node|        5|       34|       30|      -11.56|    4|        9.50|        9.00|        0|       29
20:06:59:344|       30|       29| 1|3|      Some node|        0|       31|        0|      -12.06|    5|        0.00|        1.00|       32|       30
20:06:59:344|       31|       29| 2|3|      Some node|       30|        0|       32|      -11.06|    5|        1.00|        1.00|        0|       29
20:06:59:344|       32|       31| 1|3|      Some node|        0|        0|       33|      -11.06|    6|        0.00|        0.00|        0|       29
20:06:59:344|       33|       32| 1|3|      Some node|        0|        0|        0|      -11.06|    7|        0.00|       -3.00|       28|       29
20:06:59:344|       34|        4| 3|3|      Some node|       29|        0|        0|      -10.56|    4|       10.50|        9.00|       31|       34
20:06:59:344|       35|        3| 2|3|      Some node|        4|       66|       36|       -6.62|    3|       14.44|       13.94|        0|       35
20:06:59:344|       36|       35| 1|3|      Some node|        0|       37|        0|       -7.12|    4|        0.00|       -3.44|       38|       36
20:06:59:344|       37|       35| 2|3|      Some node|       36|        0|       38|       -6.12|    4|        1.00|       -3.44|        0|       35
20:06:59:344|       38|       37| 1|3|      Some node|        0|       52|       39|       -8.18|    5|        2.38|        0.00|        0|       38
20:06:59:344|       39|       38| 1|3|      Some node|        0|       47|       40|       -9.31|    6|        1.25|        0.00|        0|       39
20:06:59:344|       40|       39| 1|3|      Some node|        0|       45|       41|      -10.06|    7|        0.50|        0.00|        0|       40
20:06:59:344|       41|       40| 1|3|      Some node|        0|       42|        0|      -10.56|    8|        0.00|        1.00|       43|       41
20:06:59:344|       42|       40| 2|3|      Some node|       41|        0|       43|       -9.56|    8|        1.00|        1.00|        0|       42
20:06:59:344|       43|       42| 1|3|      Some node|        0|        0|       44|       -9.56|    9|        0.00|        0.00|        0|       43
20:06:59:344|       44|       43| 1|3|      Some node|        0|        0|        0|       -9.56|   10|        0.00|        0.00|        0|       44
20:06:59:344|       45|       39| 2|3|      Some node|       40|        0|       46|       -8.56|    7|        2.00|        2.00|        0|       45
20:06:59:344|       46|       45| 1|3|      Some node|        0|        0|        0|       -8.56|    8|        0.00|       -1.00|       43|       45
20:06:59:344|       47|       38| 2|3|      Some node|       39|        0|       48|       -7.06|    6|        3.50|        3.00|        0|       47
20:06:59:344|       48|       47| 1|3|      Some node|        0|       49|        0|       -7.56|    7|        0.00|        1.00|       50|       48
20:06:59:344|       49|       47| 2|3|      Some node|       48|        0|       50|       -6.56|    7|        1.00|        1.00|        0|       47
20:06:59:344|       50|       49| 1|3|      Some node|        0|        0|       51|       -6.56|    8|        0.00|        0.00|        0|       47
20:06:59:344|       51|       50| 1|3|      Some node|        0|        0|        0|       -6.56|    9|        0.00|       -3.00|       44|       47
20:06:59:344|       52|       37| 2|3|      Some node|       38|        0|       53|       -4.06|    5|        6.50|        5.00|        0|       35
20:06:59:344|       53|       52| 1|3|      Some node|        0|       56|       54|       -5.56|    6|        0.00|        0.00|        0|       53
20:06:59:344|       54|       53| 1|3|      Some node|        0|        0|       55|       -5.56|    7|        0.00|        0.00|        0|       54
20:06:59:344|       55|       54| 1|3|      Some node|        0|        0|        0|       -5.56|    8|        0.00|        3.00|       64|       55
20:06:59:344|       56|       52| 2|3|      Some node|       53|       60|       57|       -4.06|    6|        1.50|        1.00|        0|       56
20:06:59:344|       57|       56| 1|3|      Some node|        0|       59|       58|       -4.56|    7|        0.00|        0.00|        0|       57
20:06:59:344|       58|       57| 1|3|      Some node|        0|        0|        0|       -4.56|    8|        0.00|        0.00|        0|       56
20:06:59:344|       59|       56| 2|3|      Some node|       57|        0|        0|       -3.56|    7|        1.00|        0.00|       58|       56
20:06:59:344|       60|       52| 3|3|      Some node|       56|        0|       61|       -2.56|    6|        3.00|        2.00|        0|       35
20:06:59:344|       61|       60| 1|3|      Some node|        0|        0|       62|       -2.56|    7|        1.00|        0.00|        0|       35
20:06:59:344|       62|       61| 1|3|      Some node|        0|       63|        0|       -3.56|    8|        0.00|        1.00|       64|       62
20:06:59:344|       63|       61| 2|3|      Some node|       62|       65|       64|       -2.56|    8|        1.00|        1.00|        0|       63
20:06:59:344|       64|       63| 1|3|      Some node|        0|        0|        0|       -2.56|    9|        0.00|       -7.00|       44|       52
20:06:59:344|       65|       61| 3|3|      Some node|       63|        0|        0|       -1.56|    8|        2.00|        1.00|       64|       35
20:06:59:344|       66|        3| 3|3|      Some node|       35|        0|       67|        3.82|    3|       24.88|       20.50|        0|       66
20:06:59:344|       67|       66| 1|3|      Some node|        0|       77|       68|        0.94|    4|        1.50|        0.00|        0|       67
20:06:59:344|       68|       67| 1|3|      Some node|        0|       74|       69|       -0.06|    5|        0.50|        0.00|        0|       68
20:06:59:344|       69|       68| 1|3|      Some node|        0|       72|       70|       -0.56|    6|        0.00|        0.00|        0|       69
20:06:59:344|       70|       69| 1|3|      Some node|        0|        0|       71|       -0.56|    7|        0.00|        0.00|        0|       70
20:06:59:344|       71|       70| 1|3|      Some node|        0|        0|        0|       -0.56|    8|        0.00|        5.50|       89|       71
20:06:59:344|       72|       68| 2|3|      Some node|       69|        0|       73|        0.44|    6|        1.00|        1.00|        0|       72
20:06:59:344|       73|       72| 1|3|      Some node|        0|        0|        0|        0.44|    7|        0.00|       -1.00|       71|       72
20:06:59:344|       74|       67| 2|3|      Some node|       68|        0|       75|        1.94|    5|        2.50|        2.00|        0|       74
20:06:59:344|       75|       74| 1|3|      Some node|        0|       76|        0|        1.44|    6|        0.00|        0.00|        0|       75
20:06:59:344|       76|       74| 2|3|      Some node|       75|        0|        0|        2.44|    6|        1.00|       -1.00|       73|       74
20:06:59:344|       77|       66| 2|3|      Some node|       67|       81|       78|        3.44|    4|        4.00|        4.00|        0|       77
20:06:59:344|       78|       77| 1|3|      Some node|        0|        0|       79|        3.44|    5|        0.00|        0.00|        0|       77
20:06:59:344|       79|       78| 1|3|      Some node|        0|        0|       80|        3.44|    6|        0.00|        0.00|        0|       77
20:06:59:344|       80|       79| 1|3|      Some node|        0|        0|        0|        3.44|    7|        0.00|       -4.00|       71|       77
20:06:59:344|       81|       66| 3|3|      Some node|       77|        0|       82|        6.69|    4|        7.25|        5.50|        0|       66
20:06:59:344|       82|       81| 1|3|      Some node|        0|        0|       83|        6.69|    5|        1.75|        0.00|        0|       66
20:06:59:344|       83|       82| 1|3|      Some node|        0|       84|        0|        4.94|    6|        0.00|       -0.50|       85|       83
20:06:59:344|       84|       82| 2|3|      Some node|       83|       96|       85|        5.94|    6|        1.00|       -0.50|        0|       84
20:06:59:344|       85|       84| 1|3|      Some node|        0|       87|       86|        4.44|    7|        0.00|        0.00|        0|       85
20:06:59:344|       86|       85| 1|3|      Some node|        0|        0|        0|        4.44|    8|        0.00|        0.50|       89|       86
20:06:59:344|       87|       84| 2|3|      Some node|       85|       95|       88|        6.44|    7|        2.00|        0.50|        0|       87
20:06:59:344|       88|       87| 1|3|      Some node|        0|       91|       89|        5.44|    8|        0.50|        0.00|        0|       88
20:06:59:344|       89|       88| 1|3|      Some node|        0|       90|        0|        4.94|    9|        0.00|        2.00|       93|       89
20:06:59:344|       90|       88| 2|3|      Some node|       89|        0|        0|        5.94|    9|        1.00|        0.00|        0|       90
20:06:59:344|       91|       87| 2|3|      Some node|       88|        0|       92|        7.44|    8|        2.50|        2.00|        0|       87
20:06:59:344|       92|       91| 1|3|      Some node|        0|       94|       93|        6.94|    9|        0.00|        0.00|        0|       92
20:06:59:344|       93|       92| 1|3|      Some node|        0|        0|        0|        6.94|   10|        0.00|        0.00|        0|       66
20:06:59:344|       94|       91| 2|3|      Some node|       92|        0|        0|        7.94|    9|        1.00|        0.00|       93|       66
20:06:59:344|       95|       84| 3|3|      Some node|       87|        0|        0|        7.44|    7|        3.00|        0.50|       91|       95
20:06:59:344|       96|       82| 3|3|      Some node|       84|        0|       97|        8.44|    6|        3.50|        3.50|        0|       66
20:06:59:344|       97|       96| 1|3|      Some node|        0|        0|       98|        8.44|    7|        0.00|        0.00|        0|       66
20:06:59:344|       98|       97| 1|3|      Some node|        0|        0|        0|        8.44|    8|        0.00|       -1.50|       94|       66
20:06:59:344|       99|        2| 2|3|      Some node|        3|        0|      100|        4.82|    2|       25.88|       25.88|        0|       99
20:06:59:344|      100|       99| 1|3|      Some node|        0|        0|        0|        4.82|    3|        0.00|       -5.38|       81|       99
