       11
       36
      107
      127
      134
      165
      170
      196
      214
      230
      250
      292
      308
      341
      347
      361
      364
      365
      375
      394
      417
      424
      453
      486
      487
      491
      535
      558
      560
      581
      587
      588
      614
      616
      679
      702
      738
      740
      744
      790
      798
      811
      812
      822
      855
      860
      863
      865
      879
      904
      936
      954
      995
      996
