       35
       39
       65
       67
       81
       96
       98
      112
      122
      125
      160
      171
      181
      183
      184
      188
      189
      238
      254
      259
      270
      276
      277
      278
      283
      284
      289
      291
      300
      301
      323
      333
      337
      347
      385
      389
      400
      418
      426
      428
      430
      466
      469
      484
      491
      492
      511
      550
      555
      582
      588
      589
      592
      609
      614
      652
      679
      702
      707
      713
      735
      739
      747
      748
      762
      763
      771
      772
      776
      777
      819
      864
      873
      879
      898
      901
      905
      926
      929
      947
      948
      962
      970
      972
