       28
       35
       39
       40
       51
       68
       69
       73
       75
       78
       79
       92
       93
       97
      112
      116
      119
      153
      160
      180
      210
      225
      237
      242
      246
      248
      259
      273
      287
      305
      307
      319
      332
      334
      356
      359
      391
      392
      402
      432
      433
      437
      459
      479
      483
      484
      485
      504
      507
      519
      526
      534
      539
      555
      571
      579
      580
      593
      599
      605
      607
      619
      629
      638
      640
      641
      646
      650
      654
      658
      659
      729
      737
      748
      760
      787
      804
      805
      808
      809
      817
      842
      846
      868
      870
      874
      882
      885
      898
      922
      924
      925
      933
      940
      960
