       22
       46
       48
       52
       73
       95
      106
      120
      136
      151
      153
      199
      218
      226
      227
      242
      244
      257
      265
      282
      297
      313
      318
      319
      366
      367
      368
      383
      412
      425
      450
      452
      453
      463
      464
      515
      576
      601
      628
      644
      693
      699
      742
      743
      754
      758
      759
      784
      832
      833
      849
      861
      869
      885
      889
      993
