     1496
     1497
      860
      861
      654
      655
      470
      471
      408
      409
      390
      391
      384
      385
      386
      387
      404
      405
      426
      427
      590
      591
      782
      783
     1218
     1219
     1092
     1093
      676
      677
      416
      417
      356
     2238
     1484
     1270
     1271
      682
      683
     1258
     1150
      406
      407
      350
      392
      393
      928
      929
      618
      619
      397
     1566
     1942
     2319
     2347
      584
      585
      874
      875
     2092
     2093
     1997
     1669
      568
      569
      912
      913
      506
      507
      808
      809
     1628
     1629
