     1694
     1695
     2148
     2149
     1432
     1433
     1210
     1211
     2314
     2315
     1488
     1489
     1138
     1139
      894
      895
      806
      807
      736
     1624
     1625
     1262
     1263
      922
      923
      818
      819
      730
     1580
     1581
     1198
     1199
     1920
     1921
     1376
     1377
      904
      905
      800
      801
     1026
     1027
      872
      873
      775
     1622
     1623
     1494
     1495
     1014
     1015
      908
      909
     1384
     1385
     1326
     1327
      876
      877
      856
      857
     1278
     1279
     1274
     1275
      836
      837
      834
      835
     1290
     1291
     1344
     1345
      850
      851
      864
      865
     2328
     2518
     2405
     1406
     1407
     1546
     1547
      888
      889
      918
      919
     1698
     1699
     2394
     2395
     1082
     1083
     1276
     1277
     1518
     1519
     2032
     2033
      752
      844
      845
      932
      933
     1248
     1249
     1600
     1601
      764
      862
      863
     1024
     1025
     1386
     1387
     2277
     2165
      830
      831
      797
      890
      891
      946
      947
     1332
     1333
     1132
     1133
     1502
     1503
     1666
     1667
     1354
     1355
     1034
     1035
     2012
     2013
     1470
     1471
      878
      879
      793
     1212
     1213
      958
      959
      884
      885
      829
      789
      779
      785
     2198
     2199
     1946
     1947
     1834
     1835
     1826
     1827
     1858
     1859
     2026
     2027
      805
      852
      853
      815
      902
      903
     1050
     1051
      898
      899
     1118
     1119
     1294
     1295
     1572
     1573
     1444
     1445
     2062
     2063
     2392
     2393
     2322
     2323
     2000
     2001
     1768
     1769
     2386
     2387
