     2226
     2200
     2201
     1602
     1603
     1984
     1985
     1550
     1551
     1868
     1869
     1524
     1525
     1880
     1881
     1528
     1529
     2214
     1764
     1765
     2330
     2331
     2520
     2521
     1938
     1939
     1690
     1691
     2154
     2155
     1660
     1661
     1570
     1571
     1498
     1499
     2382
     2383
     2372
     2373
     1640
     1641
     1634
     1635
     2406
     2407
     1648
     1649
     1744
     1745
     1454
     1455
     1452
     1453
     1462
     1463
     1520
     1521
     2046
     2047
     2498
     2499
     1594
     1595
     1788
     1789
     2362
     2363
     2487
     1426
     1427
     1280
     1281
     1162
     1366
     1367
     1222
     1223
     1340
     1341
     1180
     1342
     1343
     1542
     1543
     1382
     1383
     1268
     1269
     1195
     1233
     1200
     1201
     1334
     1335
     1478
     1479
     1676
     1677
     1250
     1251
     1238
     1239
     1410
     1411
     1612
     1613
     1390
     1391
     1588
     1589
     2532
     2533
     2278
     2279
     2166
     2167
     1236
     1237
     1314
     1315
     1420
     1421
     1392
     1393
     1590
     1591
     1592
     1593
     2030
     2031
     2172
     2173
     2283
     2543
     2254
     2255
     1644
     1645
     1530
     1531
     2378
     1402
     1403
     1352
     1353
     1312
     1313
     1306
     1307
     2476
     2477
     2466
     2467
     1320
     1321
     1362
     1363
     2508
     2509
     1440
     1441
     1564
     1565
     1802
     1803
     2397
     2536
     2537
