     2228
     2229
     2144
     2145
     1748
     1749
     2422
     2423
     1994
     1995
     1630
     1631
     1554
     1555
     2216
     2217
     1804
     1805
     1610
     1611
     1900
     1901
     1638
     1639
     1578
     1579
     1514
     1515
     1450
     1451
     1400
     1401
     1368
     1369
     1348
     1349
     1322
     1323
     1304
     1305
     1298
     1299
     1300
     1301
     1318
     1319
     1330
     1331
     1360
     1361
     1394
     1395
     1436
     1437
     1490
     1491
     1560
     1561
     1620
     1621
     1762
     1763
     2118
     2119
     2488
     2489
     1604
     1605
     1540
     1541
     1446
     1447
     1380
     1381
     1328
     1329
     1266
     1267
     2472
     1242
     1243
     1192
     1193
     2526
     1174
     1158
     1146
     1148
     1170
     1182
     1183
     1230
     1231
     1244
     1245
     2431
     1448
     1449
     1372
     1373
     2500
     2522
     1286
     1287
     1226
     1227
     1532
     1533
     1430
     1431
     1356
     1357
     1284
     1285
     1235
     2495
     2427
     1310
     1311
     1364
     1365
     1418
     1419
     1504
     1505
     1586
     1587
     1662
     1663
     2020
     2021
     2416
     2417
     2447
     2355
     1185
     1254
     1255
     1350
     1351
     1205
     1256
     1257
     1338
     1339
     1396
     1397
     1414
     1415
     1526
     1527
     1616
     1617
     1846
     1847
     1482
     1483
     1582
     1583
     1686
     1687
     2056
     2057
     2284
     2285
     2544
     2545
     2534
     2535
     2194
     2195
     1922
     1923
     1680
     1681
     2380
     2381
     1618
     1619
     1576
     1577
     1544
     1545
     1508
     1509
     2174
     2175
     2010
     2011
     1854
     1855
     1728
     1729
     1476
     1477
     1466
     1467
     1458
     1459
     1460
     1461
     1682
     1683
     1658
     1659
     1652
     1653
     1654
     1655
     1474
     1475
     1500
     1501
     1536
     1537
     1562
     1563
     1674
     1675
     1704
     1705
     1810
     1811
     1940
     1941
     1598
     1599
     1642
     1643
     1832
     1833
     2082
     2083
     2116
     2117
     2316
     2317
     2398
     2399
