     2474
     2475
     2506
     2507
     2376
     2377
     2332
     2333
     2212
     2213
     2528
     2529
     2540
     2541
     2344
     2345
     2402
     2403
     2236
     2237
     2196
     2197
     2066
     2067
     2070
     2071
     1990
     1991
     2340
     2341
     2170
     2171
     2308
     2309
     2126
     2127
     2028
     2029
     1916
     1917
     1970
     1971
     1878
     1879
     2312
     2313
     2266
     2267
     2142
     2143
     2104
     2105
     2252
     2253
     2256
     2257
     2086
     2087
     2088
     2089
     2304
     2305
     2360
     2361
     2136
     2137
     2188
     2189
     2432
     2433
     2296
     2297
     2414
     2415
     2016
     2017
     1974
     1975
     1918
     1919
     1892
     1893
     1962
     1963
     1964
     1965
     1866
     1867
     1874
     1875
     1842
     1843
     1798
     1799
     1790
     1791
     1738
     1739
     1782
     1783
     1786
     1787
     1722
     1723
     1730
     1731
     2006
     2007
     2050
     2051
     1906
     1907
     1950
     1951
     2158
     2159
     2292
     2293
     2042
     2043
     2180
     2181
     1818
     1819
     1898
     1899
     1756
     1757
     1844
     1845
     1982
     1983
     2112
     2113
     1936
     1937
     2054
     2055
     2502
     2503
     2524
     2525
     2280
     2281
     2096
     2097
     2306
     2307
     2122
     2123
     2400
     2401
     2230
     2231
     1954
     1955
     1852
     1853
     1968
     1969
     1872
     1873
     2068
     2069
     1986
     1987
     2538
     2539
     2334
     2335
     2468
     2190
     2191
     2060
     2061
     2504
     2505
     2368
     2369
     1758
     1759
     1714
     1715
     1784
     1785
     1734
     1735
     1908
     1909
     1884
     1885
     1708
     1709
     1710
     1711
     1718
     1719
     1724
     1725
     1860
     1861
     1862
     1863
     2014
     2015
     1966
     1967
     2310
     2311
     2260
     2261
     2516
     2517
     2462
     2463
     1956
     1957
     1958
     1959
     2246
     2247
     2248
     2249
     2442
     2443
     2454
     2455
     1742
     1743
     1820
     1821
     1752
     1753
     1840
     1841
     1902
     1903
     1948
     1949
     1926
     1927
     2036
     2037
     1932
     1933
     2052
     2053
     2038
     2039
     2178
     2179
     2002
     2003
     2048
     2049
     2300
     2301
     2358
     2359
     2496
     2497
     2150
     2151
     2286
     2287
     2428
     2429
     2448
     2449
     2356
     2357
     2274
     2275
     2484
     2485
     2224
     2225
     2420
     2421
     2204
     2205
     2408
     2409
     2220
     2221
     2418
     2419
     2350
     2351
     2479
     2434
     2435
