     2546
     2547
     2514
     2515
     2482
     2483
     2458
     2459
     2444
     2445
     2438
     2439
     2452
     2453
     2464
     2465
     2492
     2493
     2530
     2531
     2424
     2425
     2338
     2339
     2242
     2243
     2162
     2163
     2058
     2059
     2024
     2025
     1952
     1953
     1912
     1913
     2470
     2471
     2388
     2389
     2326
     2327
     2262
     2263
     2208
     2209
     1882
     1883
     1838
     1839
     1806
     1807
     1794
     1795
     1774
     1775
     1772
     1773
     1778
     1779
     1800
     1801
     2176
     2177
     2140
     2141
     2128
     2129
     2100
     2101
     2076
     2077
     2074
     2075
     2080
     2081
     2106
     2107
     1814
     1815
     1848
     1849
     1896
     1897
     1928
     1929
     1978
     1979
     2034
     2035
     2110
     2111
     2182
     2183
     2132
     2133
     2152
     2153
     2186
     2187
     2232
     2233
     2290
     2291
     2352
     2353
     2412
     2413
     2510
     2511
     2270
     2271
     2364
     2365
     2480
     2481
