        5
        6
        8
        9
       13
       15
       17
       18
       19
       24
       25
       28
       29
       30
       34
       38
       41
       42
       43
       45
       49
       50
       54
       55
       57
       58
       60
       64
       65
       66
       68
       69
       70
       71
       73
       76
       78
       79
       81
       83
       84
       85
       88
       90
       91
       95
       96
       98
       99
      100
